857
443
368
314
758
179
557
419
49
168
790
496
870
591
302
148
655
537
3
990
550
43
208
124
851
408
884
112
323
793
947
558
674
230
154
284
840
782
487
344
222
615
825
953
575
371
132
109
385
923
34
699
716
295
177
632
989
436
161
108
520
233
759
600
656
630
858
305
475
909
700
586
627
765
938
960
523
75
850
86
101
224
12
766
379
142
386
516
944
298
151
147
290
77
546
381
985
687
427
726
410
407
542
170
500
890
8
438
189
215
730
807
87
291
983
226
277
660
472
903
56
658
435
188
868
954
140
543
469
538
690
149
527
39
196
421
694
150
551
370
93
200
941
998
794
103
971
676
576
921
929
913
466
856
210
389
229
239
882
191
169
886
743
123
355
90
57
299
442
639
256
259
241
122
916
798
817
772
922
565
335
221
254
308
434
40
315
748
621
240
334
894
554
115
209
352
163
796
457
671
995
706
608
485
578
533
53
628
732
204
787
749
134
803
833
996
547
631
347
244
473
988
713
744
869
515
506
257
166
949
184
967
114
63
198
946
465
624
594
760
486
824
388
871
359
934
69
481
768
844
513
72
745
585
426
593
20
791
313
532
300
508
31
659
447
197
333
216
835
252
68
828
430
670
51
880
372
650
175
285
708
573
270
692
666
718
848
139
703
892
691
232
955
675
514
509
964
24
491
544
235
936
412
616
698
297
649
89
15
281
528
617
340
908
268
841
701
339
183
634
502
747
477
684
351
767
365
973
406
420
981
636
157
635
567
976
994
253
205
605
940
580
599
587
534
247
657
276
951
862
402
540
705
912
887
83
451
731
952
76
572
135
721
641
45
612
4
746
826
488
292
356
373
460
987
312
876
217
653
795
117
133
190
91
897
668
207
283
425
353
560
293
374
269
873
172
400
637
610
44
369
301
231
645
719
92
357
907
853
741
415
823
129
416
127
128
626
568
712
664
181
94
507
99
847
776
770
422
566
956
307
273
100
864
962
441
961
895
212
393
620
510
16
5
248
153
722
583
225
146
978
930
158
531
394
861
218
391
874
707
249
800
423
877
622
482
802
809
792
479
788
734
67
11
376
950
522
957
723
65
193
906
62
367
162
84
474
238
512
571
673
255
262
73
646
714
525
264
541
511
832
784
395
243
331
561
625
7
881
60
250
552
959
846
498
755
82
883
740
574
596
263
545
380
106
999
548
928
13
893
431
682
979
182
727
614
603
41
497
325
519
863
47
970
665
902
55
296
361
116
584
1000
348
19
729
33
695
984
214
9
107
227
737
769
945
606
969
901
141
484
672
598
590
986
697
879
350
618
125
888
562
213
246
27
834
338
535
829
773
493
387
88
64
582
397
918
842
432
195
50
958
445
813
38
159
58
459
267
977
914
192
939
709
120
980
490
454
651
468
756
677
570
440
287
131
26
272
633
403
336
530
742
867
609
492
910
48
70
738
242
898
974
202
42
819
728
654
696
375
805
286
266
199
623
317
642
354
937
349
518
724
569
97
662
900
911
390
736
327
318
927
428
260
251
564
661
121
392
505
110
32
378
54
25
143
733
818
504
81
10
35
398
171
328
693
456
329
595
811
324
757
899
61
924
289
797
118
28
178
917
681
526
786
105
23
167
685
638
855
549
686
780
991
383
579
785
982
52
480
476
536
345
185
761
1
822
715
905
433
342
750
228
602
470
920
245
725
211
382
483
529
948
935
304
337
46
119
362
553
322
136
37
775
613
503
330
80
799
754
860
781
814
79
837
647
739
414
872
458
821
448
830
783
717
36
399
384
21
464
751
319
831
275
915
341
137
102
812
237
321
164
679
219
234
808
363
104
453
556
931
926
201
735
452
194
462
467
424
689
401
261
471
126
316
865
669
176
878
418
843
446
364
417
160
377
588
332
663
804
144
206
478
429
524
294
413
501
806
326
644
309
463
688
559
30
187
320
597
763
173
789
437
972
18
942
130
14
495
180
963
274
997
891
753
889
138
404
779
95
220
358
801
643
521
563
22
494
896
810
288
710
943
310
993
852
720
764
774
85
78
278
966
98
752
885
816
343
836
968
815
155
439
711
223
648
854
145
152
932
306
29
652
778
346
904
589
601
311
771
280
581
933
629
489
640
777
702
919
678
113
539
396
680
366
849
156
360
17
455
607
409
592
965
303
683
845
517
265
174
555
411
604
282
279
165
838
577
866
611
975
59
704
96
111
619
992
186
258
271
461
2
859
74
925
6
827
875
71
762
444
405
449
66
667
236
839
203
450
820
499